73
0 264 904
1 229 905
2 299 905
3 178 919
4 334 918
5 125 916
6 400 918
7 325 855
8 400 853
9 515 918
10 515 852
11 520 781
12 185 137
13 186 61
14 678 781
15 515 439
16 677 438
17 640 438
18 626 400
19 516 379
20 674 136
21 511 139
22 345 139
23 347 179
24 258 139
25 258 227
26 260 341
27 260 438
28 351 438
29 353 385
30 121 440
31 123 459
32 8 445
33 188 507
34 258 503
35 324 508
36 328 440
37 191 584
38 199 594
39 322 588
40 313 591
41 257 592
42 259 611
43 233 632
44 285 635
45 228 662
46 292 662
47 235 692
48 284 693
49 262 718
50 202 662
51 317 660
52 203 723
53 319 721
54 157 611
55 122 562
56 120 604
57 123 664
58 122 722
59 127 855
60 197 854
61 263 853
62 514 261
63 561 263
64 570 237
65 631 234
66 632 278
67 677 214
68 121 138
69 121 240
70 121 372
71 222 365
72 223 340
108
0 1 24.92
0 2 25.87
0 61 38.55
2 61 46.35
1 61 45.85
2 4 28.15
2 7 41.37
7 61 46.84
4 6 47.98
6 8 50.43
7 8 54.79
6 9 85.49
8 10 85.06
9 10 49.80
10 11 51.81
11 14 117.59
14 16 253.24
11 15 251.12
15 19 43.89
16 17 26.20
15 17 93.07
17 18 30.53
18 19 83.35
16 67 165.01
19 62 86.06
62 63 35.48
63 66 52.27
63 64 21.45
64 65 42.96
65 66 31.94
65 67 36.84
20 67 57.44
20 21 119.52
21 62 91.26
21 22 122.80
22 23 30.92
22 24 64.62
12 24 54.07
12 13 54.05
12 68 47.40
24 25 63.55
25 26 82.68
26 27 73.52
27 34 48.53
27 36 50.57
35 36 50.35
28 36 16.41
28 29 38.89
23 29 151.59
15 28 120.74
34 35 49.27
35 39 58.52
39 40 6.03
40 41 42.34
33 34 50.95
33 37 55.65
37 38 8.63
38 41 43.91
41 42 12.46
42 43 24.53
42 44 25.43
43 45 21.82
44 46 20.71
45 47 22.54
46 48 24.94
47 49 27.59
48 49 24.57
49 53 41.54
46 51 18.50
51 53 44.84
40 51 50.14
49 52 43.33
50 52 44.34
45 50 19.92
38 50 50.26
37 54 32.60
50 54 49.45
54 55 43.89
54 56 25.13
54 57 44.98
52 58 58.24
57 58 44.37
58 59 96.68
59 60 52.76
1 60 45.03
5 59 45.45
3 5 39.25
1 3 39.68
60 61 47.62
49 61 98.57
0 60 61.65
2 60 83.34
0 7 58.62
1 7 79.77
56 57 43.15
55 56 30.51
31 33 61.25
31 55 76.38
27 30 101.80
30 31 12.51
30 32 85.25
30 70 50.93
69 70 96.47
68 69 74.38
25 69 102.65
70 71 73.53
71 72 19.42
26 72 26.37